###
temp <- c(1, 1, 1, 3, 4, 7, 8, 9 ,10, 10)
